00000000
00000000
00000000
00000000
01001100
00000000
00100110
00000000
00100110
00000000
00000000
00000000
00000000
00000000
00000010
00000000
00101010
00000000
11101010
00000000
11010110
00000000
10011111
00000000
10100000
00000000
10100000
00000000
11101011
00000000
10110101
00000000
00011110
00000000
00000010
00000000
00000000
00000000
00000000
00000000
00110011
00000000
00110011
00000000
01001100
00000000
00000000
00000000
00000000
00000000
00000000
00000000
00100110
00000000
00110011
00000000
00000000
00000000
00000000
00000000
00000000
00000000
00110100
00000000
00110011
00000000
00111000
00000000
00110011
00000000
10111100
00000000
11001110
00000000
00101000
00000000
00100111
00000000
00111111
00000000
11111001
00000000
01111110
00000000
00110001
00000000
00110111
00000000
00110001
00000000
00110000
00000000
00000000
00000000
00000000
00000000
00000000
00000000
00110011
00000000
01001100
00000000
00000000
00000000
00000000
00000000
00000000
00000000
00110101
00000000
00110001
00000000
00110001
00000000
00110011
00000000
00110111
00000000
00111010
00000000
00110110
00000000
01101000
00000000
11111111
00000000
10011110
00000000
00110110
00000000
11100001
00000000
11101110
00000000
00111110
00000000
00110100
00000000
00110111
00000000
00110100
00000000
00110000
00000000
00101101
00000000
00101101
00000000
00101010
00000000
00000000
00000000
00000000
00000000
01001100
00000000
00101111
00000000
00110000
00000000
00101111
00000000
00110000
00000000
00110010
00000000
00110100
00000000
00110100
00000000
00110101
00000000
00110110
00000000
00111000
00000000
11001010
00000000
10101100
00000000
01000101
00000000
11001011
00000000
10010011
00000000
00110011
00000000
00110110
00000000
00110010
00000000
00110010
00000000
00110010
00000000
00110000
00000000
00101101
00000000
00101100
00000000
00101100
00000000
00100110
00000000
00000000
00000000
00110000
00000000
00110000
00000000
00101101
00000000
00101110
00000000
00110010
00000000
00110011
00000000
00110011
00000000
00110101
00000000
00110111
00000000
00110101
00000000
01000000
00000000
00111100
00000000
01000110
00000000
00111000
00000000
00110111
00000000
00110101
00000000
00110100
00000000
00110010
00000000
00110010
00000000
00110001
00000000
00110000
00000000
00101100
00000000
00101011
00000000
00101110
00000000
00101101
00000000
00100101
00000000
00110001
00000000
00101111
00000000
00101110
00000000
00110010
00000000
00110010
00000000
00110110
00000000
00110101
00000000
00110100
00000000
00110111
00000000
00110100
00000000
00110110
00000000
00111011
00000000
01001110
00000000
00110111
00000000
00111001
00000000
00110110
00000000
00110100
00000000
00110011
00000000
00110101
00000000
00110011
00000000
00110000
00000000
00101111
00000000
00101100
00000000
00101100
00000000
00101110
00000000
00011001
00000000
00110000
00000000
00101111
00000000
00110001
00000000
00110010
00000000
00110010
00000000
00111011
00000000
00110011
00000000
00110101
00000000
00110110
00000000
00110101
00000000
00111000
00000000
00111010
00000000
01000011
00000000
00110111
00000000
01001111
00000000
01001111
00000000
01001011
00000000
01001010
00000000
00111111
00000000
00110101
00000000
00110000
00000000
00101110
00000000
00101101
00000000
00101110
00000000
00101011
00000000
00001000
00000000
00101111
00000000
00110010
00000000
00110001
00000000
00110011
00000000
00111100
00000000
00111000
00000000
00110001
00000000
00110101
00000000
00110110
00000000
00110111
00000000
00111000
00000000
00111000
00000000
00111010
00000000
00110110
00000000
00110110
00000000
00110110
00000000
00111001
00000000
00110010
00000000
00110011
00000000
00110111
00000000
00110111
00000000
00101111
00000000
00101101
00000000
00110001
00000000
00101000
00000000
00000000
00000000
00101110
00000000
00110111
00000000
00110011
00000000
00110101
00000000
00111000
00000000
00101111
00000000
00110100
00000000
00110100
00000000
00110110
00000000
00110111
00000000
00111001
00000000
00110111
00000000
00111001
00000000
00110101
00000000
00110111
00000000
00110100
00000000
00110011
00000000
00110001
00000000
00110011
00000000
00101111
00000000
00110100
00000000
00110001
00000000
00110001
00000000
00110011
00000000
00011100
00000000
00000000
00000000
00100110
00000000
00101101
00000000
00100001
00000000
00010010
00000000
00000000
00000000
00110000
00000000
00110111
00000000
00110100
00000000
00110111
00000000
00110111
00000000
00111001
00000000
00111000
00000000
00111000
00000000
00110111
00000000
00111000
00000000
00110100
00000000
00110100
00000000
00110001
00000000
00110110
00000000
00101000
00000000
00000000
00000000
00011110
00000000
00100111
00000000
00100111
00000000
00000000
00000000
00001111
00000000
00000000
00000000
00000000
00000000
00000000
00000000
00000000
00000000
00000000
00000000
00110011
00000000
00110110
00000000
00110101
00000000
00111000
00000000
00110110
00000000
00111000
00000000
00111000
00000000
00111001
00000000
00111010
00000000
00110110
00000000
00110101
00000000
00110110
00000000
00110010
00000000
00110101
00000000
00101010
00000000
00000000
00000000
00000000
00000000
00000000
00000000
00000000
00000000
00000000
00000000
00000000
00000000
00000000
00000000
01001100
00000000
01001100
00000000
01001100
00000000
00000000
00000000
00110011
00000000
00110110
00000000
00110101
00000000
00111001
00000000
00110111
00000000
00111000
00000000
00111001
00000000
00111001
00000000
00111010
00000000
00110110
00000000
00110110
00000000
00110110
00000000
00110010
00000000
00110101
00000000
00101010
00000000
00000000
00000000
01001100
00000000
01001100
00000000
00000000
00000000
00000000
00000000
00000000
00000000
00000000
00000000
00000000
00000000
00000000
00000000
00111001
00000000
00000000
00000000
00110010
00000000
00110110
00000000
00110110
00000000
00111010
00000000
00110111
00000000
00111000
00000000
00111011
00000000
00110111
00000000
00111010
00000000
00110110
00000000
00110111
00000000
00110110
00000000
00110011
00000000
00110110
00000000
00100111
00000000
00000000
00000000
01001100
00000000
00000000
00000000
00000000
00000000
00000000
00000000
00000000
00000000
00000000
00000000
00000000
00000000
00000000
00000000
00111001
00000000
00000000
00000000
00110001
00000000
00110110
00000000
00110111
00000000
00111011
00000000
00111000
00000000
00111000
00000000
00111101
00000000
00111001
00000000
00111001
00000000
00111000
00000000
00110111
00000000
00110110
00000000
00110010
00000000
00110111
00000000
00100111
00000000
00000000
00000000
01001100
00000000
00000000
00000000
00000000
00000000
00000000
00000000
00000000
00000000
00000000
00000000
00000000
00000000
00000000
00000000
00111001
00000000
00000000
00000000
00110001
00000000
00110111
00000000
00111000
00000000
00111010
00000000
00111000
00000000
00111001
00000000
00111101
00000000
00111011
00000000
00111001
00000000
00111000
00000000
00110111
00000000
00110111
00000000
00110010
00000000
00110111
00000000
00101010
00000000
00000000
00000000
01001100
00000000
00000000
00000000
00000000
00000000
00000000
00000000
00000000
00000000
00000000
00000000
00000000
00000000
00000000
00000000
00111001
00000000
00000000
00000000
00110001
00000000
00111010
00000000
00111000
00000000
00110111
00000000
00111000
00000000
00111010
00000000
00111110
00000000
00111011
00000000
00111010
00000000
00111001
00000000
00110111
00000000
00111000
00000000
00110100
00000000
00110110
00000000
00101011
00000000
00000000
00000000
01001100
00000000
00000000
00000000
00000000
00000000
00000000
00000000
00000000
00000000
00000000
00000000
00000000
00000000
00000000
00000000
00111001
00000000
00000000
00000000
00110101
00000000
00111100
00000000
00111001
00000000
00110111
00000000
00111000
00000000
00111010
00000000
00111110
00000000
00111010
00000000
00111010
00000000
00111001
00000000
00111000
00000000
00110111
00000000
00110110
00000000
00111000
00000000
00101010
00000000
00000000
00000000
01001100
00000000
00000000
00000000
00000000
00000000
00000000
00000000
00000000
00000000
00000000
00000000
00000000
00000000
00000000
00000000
00110011
00000000
00000000
00000000
00110111
00000000
00111100
00000000
00111000
00000000
00110111
00000000
00111000
00000000
00111010
00000000
00111101
00000000
00111010
00000000
00111001
00000000
00111010
00000000
00111000
00000000
00110111
00000000
00110101
00000000
00111000
00000000
00100111
00000000
00000000
00000000
01001100
00000000
00000000
00000000
00000000
00000000
00000000
00000000
00000000
00000000
00000000
00000000
00000000
00000000
00000000
00000000
00111001
00000000
00000000
00000000
00110110
00000000
00111011
00000000
00110111
00000000
00110111
00000000
00111001
00000000
00111010
00000000
00111100
00000000
00111010
00000000
00111000
00000000
00111010
00000000
00111000
00000000
00110110
00000000
00110100
00000000
00110110
00000000
00101000
00000000
00000000
00000000
01001100
00000000
00000000
00000000
00000000
00000000
00000000
00000000
00000000
00000000
00000000
00000000
00000000
00000000
00000000
00000000
00111001
00000000
00000000
00000000
00110011
00000000
00111010
00000000
00110110
00000000
00110111
00000000
00111001
00000000
00111010
00000000
00111011
00000000
00111000
00000000
00110111
00000000
00111001
00000000
00111000
00000000
00110110
00000000
00110010
00000000
00110100
00000000
00101010
00000000
00000000
00000000
01001100
00000000
00000000
00000000
00000000
00000000
00000000
00000000
00000000
00000000
00000000
00000000
00000000
00000000
00000000
00000000
00111001
00000000
00000000
00000000
00110011
00000000
00111001
00000000
00110110
00000000
00111000
00000000
00110111
00000000
00111001
00000000
00111000
00000000
00110111
00000000
00110110
00000000
00110111
00000000
00111000
00000000
00110110
00000000
00110001
00000000
00110101
00000000
00101000
00000000
00000000
00000000
01001100
00000000
00000000
00000000
00000000
00000000
00000000
00000000
00000000
00000000
00000000
00000000
00000000
00000000
00000000
00000000
00111001
00000000
00000000
00000000
00110011
00000000
00111001
00000000
00110101
00000000
00111001
00000000
00110110
00000000
00110101
00000000
00111000
00000000
00110110
00000000
00110110
00000000
00110110
00000000
00110111
00000000
00110100
00000000
00110100
00000000
00110110
00000000
00100101
00000000
00000000
00000000
01001100
00000000
00000000
00000000
00000000
00000000
00000000
00000000
00000000
00000000
00000000
00000000
00000000
00000000
00000000
00000000
00110011
00000000
00000000
00000000
00110011
00000000
00110111
00000000
00110100
00000000
00110110
00000000
00111001
00000000
00111001
00000000
00111000
00000000
00110110
00000000
00110110
00000000
00110110
00000000
00110110
00000000
00110100
00000000
00110100
00000000
00110110
00000000
00100101
00000000
00000000
00000000
01001100
00000000
00000000
00000000
00000000
00000000
00000000
00000000
00000000
00000000
00000000
00000000
00000000
00000000
00000000
00000000
00110011
00000000
00000000
00000000
00110101
00000000
00111100
00000000
00110111
00000000
00110110
00000000
00110111
00000000
00110110
00000000
00110101
00000000
00110111
00000000
00110101
00000000
00110101
00000000
00110111
00000000
00111000
00000000
00110111
00000000
00111011
00000000
00101001
00000000
00000000
00000000
01001100
00000000
00000000
00000000
00000000
00000000
00000000
00000000
00000000
00000000
00000000
00000000
00000000
00000000
00000000
00000000
00110011
00000000
00000000
00000000
00110101
00000000
00110110
00000000
00111000
00000000
00111000
00000000
00111101
00000000
00111100
00000000
00111101
00000000
01000000
00000000
00111011
00000000
00111011
00000000
00111011
00000000
00111001
00000000
00110110
00000000
00110011
00000000
00100010
00000000
00000000
00000000
01001100
00000000
00000000
00000000
00000000
00000000
00000000
00000000
00000000
00000000
00000000
00000000
00000000
00000000
00000000
00000000
00000000
00000000
00000000
00000000
00000000
00000000
00000000
00000000
00010000
00000000
00011100
00000000
00100010
00000000
00100110
00000000
00100111
00000000
00100110
00000000
00100010
00000000
00100000
00000000
00011011
00000000
00010001
00000000
00000010
00000000
00000000
00000000
00000000
00000000
00000000
00000000
00000000
00000000
00000000
00000000
00000000
00000000
00000000
00000000
00000000
00000000
