11110001
11111110
11111001
11101101
11110100
11111110
11110100
11101110
11111111
11011001
10100100
10010010
10010110
10010110
10010110
10101010
11100100
11111111
11101101
11110110
11111111
11011110
11100111
11111011
11111101
11110001
11111011
11101101
11110010
11111110
11111000
11101011
11111010
11110110
10011100
10011100
11001010
11101111
11111000
11110110
11101000
11000010
10001101
10011110
11111101
11110101
01111111
01001110
11111001
11110011
11101101
11111100
11111011
11101110
11110010
11111110
11110111
11101101
11110000
10010000
10101000
11010101
11111111
11111110
11111111
11111111
11111111
11111111
11111111
10111000
10010011
11010001
00010111
10011000
11111000
11110011
11101110
11111011
11110000
11111110
11111010
11101100
11110011
11111111
10001100
11011001
10101001
01110101
11011001
10101000
11111111
11100111
11111110
11111101
11111100
11111111
11000111
10100010
10010000
00110101
00111010
01101111
11111110
11101111
11110001
11111110
11111001
11101011
11111110
11001010
10110011
11111111
11011011
11110010
11111111
10100010
01100011
10111100
11111111
11111101
11111111
11111010
11111111
10100110
10111010
01010010
00111100
11011001
11111110
11101111
11111100
11101101
11110010
11111101
11111111
10011101
10110000
10010110
10010110
10110111
11001010
10010100
10010001
10011110
11111010
11111101
11111111
11111110
11111110
11100100
10100011
10001001
00100110
01101001
11100101
11111101
11111011
11101110
11110010
11111111
11110101
01101001
10011100
11100111
11111100
10010000
10000110
11101100
11111111
10110001
10111010
11111111
11111100
11111111
11111110
11111111
10011110
11000011
01011111
10100001
11110000
11111010
11110000
11111111
11111000
11110110
10100001
11000111
11111111
11111111
11101010
01010100
11110110
11111111
11111111
11111010
10011101
11111111
11111101
11111111
11111100
11111111
10101010
11011000
11111111
11111111
11111111
11110000
11110001
11111101
11111101
11100010
01001011
11110101
11111010
11111110
11100010
00000000
10101100
11101101
11011110
10101101
10100001
11111111
11111100
11111111
11111100
11111111
10111001
10011011
11110010
11110110
11111101
11110001
11111100
11101100
11110111
11101111
00001111
11010010
11111111
11111100
11101100
01100110
10001110
10100100
10100000
10110110
11110011
11111111
11111110
11111111
11111100
11111110
10111011
01011100
10101010
11111011
11101011
11111100
11111011
11101110
11110010
11111100
10111010
10000001
10001001
10010101
10010011
11001011
01110001
01110101
11111111
11111111
11111111
11111111
11111111
11111111
11111100
11111111
10001001
01110000
10101110
11111011
11101100
11111011
11110000
11111111
11111010
11101101
11111111
10100100
10111101
11111010
11111111
11110110
01011100
01101011
11001100
11111100
11111100
11111111
11111111
11111011
11111111
10111101
10101101
11110000
11101110
11111001
11111111
11110000
11110001
11111101
11111001
11110000
10011100
10000011
10110111
11111111
11111100
11101101
10001110
10100000
10100111
11111110
11111100
11111101
11111111
11111111
11010100
10010101
11000010
10101011
11101110
11111001
11111101
11110001
11111100
11101100
11110010
11111110
10001111
10101110
10010011
11110010
11111111
11111100
10001100
10011010
10011100
11111111
11111011
11111111
11110010
10011100
01011101
10010111
10111010
10001001
11100100
11111001
11101011
11111100
11111010
11101111
11110011
11111101
11111011
11111000
11010000
10001000
11101000
11111111
10010001
10011000
10000111
11011110
11111011
11000001
10001001
10101110
10111011
10111110
10101111
10011111
11111000
11110011
11101110
11111010
11110000
11111111
11111010
11101011
11110011
11111110
11111101
11001101
10001010
10011100
01011110
01111101
01100101
11001011
11111111
10111110
11110101
10010010
10011010
10100001
11000010
11111000
11101100
11111010
11111111
11110000
11110001
11111100
11111001
11101110
11110100
11111100
11110011
11110110
11111000
11010100
10010011
01111101
10000100
10110111
10011000
10100001
10001100
10100001
11110111
11111111
11111111
11110100
11101110
11111001
11111100
11110001
11111100
11101100
11110010
11111111
11111000
11101010
11110111
11111110
11110010
11110110
11111010
01111001
11110000
11010100
11010111
10111000
10010010
10101101
11111110
11110001
11101000
11111000
11111111
11110010
11101100
11111100
11111010
11101111
11110011
11111100
11110111
11101101
11110110
11111100
11110100
11101100
11111000
10000001
10010010
10110101
10010110
10110101
11001100
10110101
11111110
11110100
11101101
11110111
11111100
11110011
11101111
11111010
11110000
11111111
11111010
11101011
11110100
11111111
11110110
11101011
11110111
11111111
10111010
10110110
11011100
10100100
11100011
11111111
10100001
11011010
11110010
11110100
11111111
11110100
11101011
11111010
11111111
11110000
11110010
11111100
11111001
11101110
11110100
11111100
11110110
11101110
11110110
11111101
10011011
11101010
10111111
10111000
10010000
11100001
10011001
11111001
11101110
11110101
11111100
11110100
11101110
11111001
11111100
11110010
11111100
11101100
11110010
11111111
11111000
11101010
11110111
11111111
11110000
11111001
10011100
11011000
11111110
11111111
11000000
10010100
10110100
11111110
11111111
11110111
11101010
11111000
11111111
11110010
11101100
11111100
11111010
11110000
11110011
11111100
11110111
11101110
11110110
11111100
11110010
11110100
11011111
10001110
01111110
01000000
10010000
10001001
11100101
11110110
11111100
11110110
11101110
11110111
11111100
11110011
11110000
11111010
11101111
11111111
11111010
11101011
11110100
11111111
11110110
11101011
11111001
11111111
11110010
11111101
10111011
10010101
10010010
10110001
11111111
11110111
11101011
11110110
11111111
11110100
11101011
11111010
11111111
11101111
11110010
11111100
11111001
11101111
11110100
11111011
11110110
11101111
11111000
11111100
11110000
11110110
10010110
11100010
10010010
11101111
11111010
11111000
11101111
11110110
11111011
11110100
11101111
11111001
11111100
11110010
11111100
11101100
11110010
11111111
11111000
11101010
11110111
11111111
11110011
11101011
11111010
11111111
10101000
01111101
11100110
11111111
11101010
11110011
11111111
11110111
11101010
11111000
11111111
11110010
11101100
11111100
